41 0.29765625 0.284375 0.13515625 0.49296875
41 0.3 0.25703125 0.13515625 0.4375
4 0.49453125 0.2953125 0.1078125 0.49296875
4 0.6296875 0.29140625 0.1078125 0.4859375
41 0.3 0.21171875 0.13515625 0.346875
41 0.29453125 0.3125 0.1296875 0.4375
4 0.6296875 0.246875 0.1078125 0.39609375
4 0.6296875 0.22578125 0.1078125 0.35390625
18 0.1328125 0.3125 0.15703125 0.4234375
18 0.1328125 0.29140625 0.15703125 0.471875
4 0.49453125 0.27109375 0.1078125 0.44453125
5 0.76484375 0.1875 0.1078125 0.27109375
51 0.49296875 0.821875 0.74140625 0.30703125