4 0.765625 0.440625 0.11328125 0.465625
3 0.63125 0.440625 0.11328125 0.465625
7 0.12734375 0.45078125 0.11328125 0.45546875
7 0.49609375 0.440625 0.11328125 0.465625
7 0.89375 0.3515625 0.11328125 0.2875
7 0.89375 0.4109375 0.11328125 0.40625
7 0.12734375 0.42109375 0.11328125 0.40625
7 0.12734375 0.37109375 0.11328125 0.30703125
7 0.89375 0.3765625 0.11328125 0.33671875
7 0.49609375 0.415625 0.11328125 0.415625
7 0.49609375 0.35625 0.11328125 0.296875
1 0.265625 0.43046875 0.03515625 0.415625
7 0.49609375 0.37109375 0.11328125 0.3265625
79 0.50859375 0.8296875 0.3734375 0.23515625