8 0.88125 0.446875 0.11875 0.48046875
4 0.47734375 0.4515625 0.11171875 0.48046875
0 0.253125 0.45703125 0.11875 0.47109375
7 0.746875 0.4421875 0.11171875 0.48046875
7 0.11875 0.45703125 0.10546875 0.47109375
7 0.746875 0.35078125 0.11171875 0.28828125
7 0.11875 0.3796875 0.10546875 0.3078125
2 0.61484375 0.4328125 0.11171875 0.4328125
7 0.11875 0.41796875 0.10546875 0.39453125
7 0.746875 0.41328125 0.11171875 0.4234375
7 0.11875 0.3609375 0.10546875 0.27890625
2 0.61171875 0.46171875 0.11875 0.4515625
7 0.746875 0.3703125 0.11171875 0.33671875
87 0.5046875 0.8484375 0.675 0.2265625