8 0.88125 0.4484375 0.115625 0.4640625
0 0.2515625 0.45859375 0.10859375 0.4640625
7 0.12265625 0.4640625 0.10859375 0.47421875
4 0.4765625 0.45390625 0.10859375 0.47421875
7 0.74453125 0.4484375 0.10859375 0.47421875
7 0.12265625 0.38671875 0.10859375 0.31953125
7 0.12265625 0.43828125 0.10859375 0.42265625
7 0.74453125 0.35546875 0.10859375 0.28828125
2 0.6125 0.45859375 0.10859375 0.4640625
7 0.74453125 0.37109375 0.10859375 0.3296875
2 0.6125 0.43828125 0.10859375 0.4328125
87 0.5140625 0.8515625 0.6796875 0.2296875