3 0.4796875 0.4546875 0.128125 0.471875
0 0.6203125 0.44921875 0.128125 0.471875
7 0.11171875 0.4546875 0.1203125 0.471875
2 0.24765625 0.4328125 0.1203125 0.415625
2 0.75625 0.42734375 0.1203125 0.43828125
7 0.8921875 0.33671875 0.1203125 0.2921875
7 0.8921875 0.38203125 0.1203125 0.38203125
7 0.11171875 0.42734375 0.1203125 0.415625
2 0.75625 0.41015625 0.1203125 0.39296875
7 0.8921875 0.35390625 0.1203125 0.32578125
2 0.75625 0.47734375 0.128125 0.4046875
7 0.11171875 0.38203125 0.128125 0.32578125
2 0.25234375 0.4546875 0.128125 0.44921875
111 0.5140625 0.8578125 0.35859375 0.24453125