4 0.61015625 0.46015625 0.11328125 0.465625
7 0.48125 0.471875 0.11328125 0.465625
7 0.74609375 0.4546875 0.11328125 0.465625
7 0.11328125 0.471875 0.12109375 0.465625
7 0.74609375 0.38046875 0.11328125 0.31796875
7 0.48125 0.39765625 0.11328125 0.31796875
2 0.87890625 0.4546875 0.11328125 0.465625
2 0.87890625 0.4375 0.11328125 0.4203125
2 0.25 0.465625 0.12109375 0.44296875
7 0.1171875 0.39765625 0.12109375 0.31796875
7 0.74609375 0.36328125 0.11328125 0.27265625
110 0.503125 0.86171875 0.59765625 0.24296875