3 0.265625 0.459375 0.1265625 0.446875
0 0.490625 0.4515625 0.1203125 0.446875
7 0.753125 0.3453125 0.1078125 0.26796875
7 0.1265625 0.37421875 0.1140625 0.30078125
7 0.6203125 0.34140625 0.1078125 0.24375
7 0.1265625 0.3578125 0.1140625 0.26015625
7 0.1265625 0.39453125 0.1140625 0.33359375
7 0.8859375 0.38203125 0.1140625 0.3578125
7 0.753125 0.39453125 0.1078125 0.365625
7 0.753125 0.37421875 0.1078125 0.325
7 0.6203125 0.41484375 0.1078125 0.390625
7 0.6203125 0.36953125 0.1078125 0.29296875
110 0.50703125 0.84921875 0.5859375 0.2265625