8 0.8796875 0.46015625 0.1140625 0.46015625
8 0.7484375 0.4640625 0.1140625 0.46796875
4 0.25390625 0.4640625 0.1203125 0.45234375
7 0.1203125 0.45625 0.1140625 0.43671875
7 0.1203125 0.37265625 0.1140625 0.26953125
7 0.6203125 0.36484375 0.1140625 0.26953125
7 0.6171875 0.4484375 0.1140625 0.42890625
2 0.4859375 0.440625 0.1140625 0.4046875
7 0.1203125 0.4046875 0.1140625 0.34140625
2 0.4796875 0.4484375 0.1203125 0.4203125
7 0.6171875 0.39296875 0.1140625 0.32578125
2 0.4859375 0.45625 0.10859375 0.44453125
110 0.509375 0.85859375 0.61953125 0.203125