4 0.26953125 0.46171875 0.11015625 0.46171875
4 0.77265625 0.4578125 0.1171875 0.46953125
9 0.909375 0.5078125 0.1171875 0.35390625
7 0.1265625 0.384375 0.11015625 0.3
4 0.26953125 0.40390625 0.1171875 0.35390625
9 0.909375 0.46171875 0.1171875 0.44609375
4 0.77265625 0.415625 0.1171875 0.384375
7 0.1265625 0.365625 0.11015625 0.26953125
2 0.63984375 0.5234375 0.1234375 0.33828125
2 0.5 0.51953125 0.1171875 0.34609375
2 0.63984375 0.41953125 0.1171875 0.36953125
110 0.5234375 0.86015625 0.62578125 0.21015625