0 0.23828125 0.47421875 0.1140625 0.47421875
7 0.46640625 0.4640625 0.1140625 0.49453125
5 0.73828125 0.45390625 0.12734375 0.484375
8 0.8859375 0.45390625 0.12109375 0.484375
7 0.10703125 0.47421875 0.10703125 0.47421875
7 0.10703125 0.396875 0.10703125 0.31953125
7 0.10703125 0.4328125 0.10703125 0.39140625
7 0.46640625 0.3765625 0.1140625 0.31953125
1 0.60390625 0.46875 0.040625 0.484375
7 0.46640625 0.43828125 0.1140625 0.44296875
1 0.60390625 0.45859375 0.040625 0.47421875
65 0.51796875 0.87734375 0.48671875 0.2453125