3 0.4875 0.45859375 0.1140625 0.45859375
8 0.75625 0.44921875 0.1140625 0.45859375
6 0.6203125 0.45390625 0.1140625 0.45859375
7 0.1265625 0.45859375 0.1078125 0.46796875
7 0.1234375 0.371875 0.1078125 0.284375
7 0.1265625 0.4125 0.1078125 0.3671875
7 0.1234375 0.38984375 0.1078125 0.32109375
1 0.8890625 0.4171875 0.03203125 0.4125
7 0.1234375 0.4359375 0.1078125 0.4125
1 0.2625 0.45390625 0.03828125 0.44921875
1 0.8890625 0.440625 0.03203125 0.44921875
110 0.51875 0.85546875 0.62265625 0.2421875