3 0.26015625 0.43828125 0.12265625 0.46015625
9 0.8921875 0.43828125 0.1171875 0.46015625
7 0.62578125 0.43828125 0.1171875 0.46875
7 0.13125 0.43828125 0.1171875 0.46875
7 0.62578125 0.35859375 0.1171875 0.309375
2 0.75703125 0.43828125 0.1171875 0.46015625
2 0.49453125 0.43359375 0.1109375 0.4421875
2 0.48828125 0.4421875 0.1171875 0.46875
7 0.13125 0.3625 0.1109375 0.31875
7 0.62578125 0.40234375 0.1171875 0.3984375
2 0.75703125 0.425 0.1109375 0.425
7 0.13125 0.41171875 0.1109375 0.40703125
110 0.5109375 0.828125 0.6046875 0.2234375