7 0.13515625 0.4796875 0.109375 0.4640625
5 0.48203125 0.47421875 0.11640625 0.47421875
7 0.6203125 0.37109375 0.11640625 0.28828125
7 0.6203125 0.45859375 0.11640625 0.45390625
2 0.890625 0.45390625 0.11640625 0.44296875
7 0.6203125 0.38671875 0.11640625 0.31953125
2 0.88671875 0.43828125 0.11640625 0.4125
7 0.13515625 0.40703125 0.109375 0.31953125
7 0.13515625 0.4484375 0.109375 0.40234375
7 0.6203125 0.4125 0.11640625 0.37109375
2 0.26640625 0.4640625 0.11640625 0.4328125
110 0.51640625 0.86796875 0.61171875 0.2265625