45 0.365625 0.32109375 0.13203125 0.45546875
7 0.5359375 0.3171875 0.1015625 0.4390625
5 0.65546875 0.27265625 0.09609375 0.3578125
5 0.65546875 0.23203125 0.09609375 0.26796875
9 0.78125 0.30859375 0.09609375 0.45546875
9 0.90390625 0.30859375 0.1078125 0.45546875
45 0.365625 0.22734375 0.13203125 0.2765625
5 0.65859375 0.3171875 0.1015625 0.446875
10 0.21875 0.32890625 0.11953125 0.4390625
5 0.65546875 0.215625 0.09609375 0.24375
2 0.08046875 0.33359375 0.1015625 0.43125
7 0.5359375 0.24765625 0.1015625 0.30859375
2 0.08046875 0.31328125 0.1015625 0.42265625
51 0.5046875 0.85078125 0.76328125 0.2984375