8 0.7625 0.46328125 0.109375 0.46796875
4 0.2625 0.47265625 0.11640625 0.46796875
4 0.9015625 0.45390625 0.109375 0.47734375
4 0.9015625 0.40859375 0.109375 0.38515625
4 0.9015625 0.38046875 0.109375 0.3390625
7 0.63125 0.3671875 0.109375 0.29375
7 0.63125 0.38515625 0.109375 0.33046875
7 0.128125 0.39921875 0.11640625 0.32109375
4 0.26640625 0.4265625 0.11640625 0.37578125
7 0.13125 0.38046875 0.11640625 0.284375
1 0.49609375 0.4125 0.04375 0.3671875
110 0.5265625 0.87578125 0.61484375 0.246875