8 0.59140625 0.44765625 0.115625 0.459375
6 0.10078125 0.45546875 0.115625 0.459375
2 0.72890625 0.40703125 0.115625 0.37890625
2 0.2375 0.43125 0.115625 0.4109375
1 0.46640625 0.41953125 0.03671875 0.3953125
2 0.72890625 0.4234375 0.121875 0.41953125
2 0.72890625 0.48828125 0.121875 0.38671875
1 0.46640625 0.39921875 0.03671875 0.36328125
2 0.2375 0.4109375 0.115625 0.37109375
1 0.865625 0.403125 0.03671875 0.3953125
2 0.2375 0.4921875 0.115625 0.38671875
51 0.49765625 0.853125 0.64765625 0.2328125